100, 47.000000
200, 93.099998
300, 137.300003
400, 181.899994
500, 228.500000
600, 292.500000
700, 292.399994
800, 289.899994
900, 421.500000
1000, 455.299988
1100, 510.899994
1200, 538.500000
1300, 641.000000
1400, 660.299988
1500, 714.799988
1600, 762.400024
1700, 805.900024
1800, 842.400024
1900, 874.799988
2000, 941.500000
2100, 981.099976
2200, 1053.800049
2300, 1051.099976
2400, 1103.800049
2500, 1160.500000
2600, 1257.500000
2700, 1278.599976
2800, 1351.699951
2900, 1373.500000
3000, 1428.099976
3100, 1466.000000
3200, 1417.300049
3300, 1254.599976
3400, 1593.699951
3500, 1591.199951
3600, 1610.400024
3700, 1733.800049
3800, 1556.099976
3900, 1780.099976
4000, 1773.400024
4100, 1840.500000
4200, 1830.900024
4300, 1950.300049
4400, 2064.000000
4500, 2079.300049
4600, 2123.500000
4700, 2179.500000
4800, 2260.500000
4900, 2293.899902
5000, 2383.699951
5100, 2320.000000
5200, 2316.800049
5300, 2449.899902
5400, 2543.600098
5500, 2564.699951
5600, 2582.699951
5700, 2660.800049
5800, 2756.500000
5900, 2798.100098
6000, 2788.800049
6100, 2845.800049
6200, 2916.899902
6300, 3015.100098
6400, 3030.399902
6500, 3122.300049
6600, 3101.699951
6700, 3217.600098
6800, 3312.600098
6900, 3324.000000
7000, 3304.800049
7100, 3318.500000
7200, 3408.199951
7300, 3463.100098
7400, 3541.800049
7500, 3572.000000
7600, 3613.000000
7700, 3721.100098
7800, 3746.699951
7900, 3754.699951
8000, 3804.800049
8100, 3865.199951
8200, 3865.000000
8300, 3897.699951
8400, 4006.100098
8500, 4055.300049
8600, 4055.800049
8700, 4106.299805
8800, 4210.299805
8900, 4237.100098
9000, 4262.700195
9100, 4369.799805
9200, 4404.000000
9300, 4485.600098
9400, 4504.299805
9500, 4611.000000
9600, 4618.500000
9700, 4606.000000
9800, 4629.500000
9900, 4755.100098
10000, 4764.799805
10100, 4810.200195
10200, 4809.399902
10300, 4787.299805
10400, 4903.299805
10500, 4935.000000
10600, 5020.200195
10700, 5082.100098
10800, 5091.600098
10900, 5175.600098
11000, 5274.299805
11100, 5224.899902
11200, 5321.700195
11300, 5359.299805
11400, 5350.200195
11500, 5455.299805
11600, 5392.100098
11700, 5553.399902
11800, 5497.100098
11900, 5655.200195
12000, 5682.399902
12100, 5763.000000
12200, 5809.899902
12300, 5790.000000
12400, 5939.299805
12500, 5948.200195
12600, 5983.799805
12700, 6048.299805
12800, 6157.200195
12900, 6179.799805
13000, 6175.500000
13100, 6252.399902
13200, 6297.100098
13300, 6343.600098
13400, 6314.299805
13500, 6462.200195
13600, 6568.700195
13700, 6523.299805
13800, 6598.200195
13900, 6580.500000
14000, 6684.100098
14100, 6770.000000
14200, 6771.100098
14300, 6931.799805
14400, 6811.700195
14500, 6909.000000
14600, 6970.500000
14700, 6991.299805
14800, 7065.200195
14900, 7098.000000
15000, 7143.700195
15100, 7198.700195
15200, 7215.200195
15300, 7272.899902
15400, 7324.299805
15500, 7347.700195
15600, 7383.299805
15700, 7205.500000
15800, 6053.700195
15900, 7274.299805
16000, 7467.899902
16100, 7504.799805
16200, 7571.299805
16300, 6694.899902
16400, 6649.200195
16500, 6889.500000
16600, 7320.799805
16700, 7209.500000
16800, 7583.100098
16900, 7848.500000
17000, 7784.200195
17100, 8003.700195
17200, 8116.500000
17300, 8164.000000
17400, 8184.100098
17500, 8233.700195
17600, 8069.600098
17700, 8058.100098
17800, 7913.799805
17900, 8369.400391
18000, 8388.299805
18100, 8474.700195
18200, 8637.500000
18300, 8469.000000
18400, 8745.900391
18500, 8741.799805
18600, 8775.700195
18700, 8840.299805
18800, 7838.100098
18900, 8201.099609
19000, 8069.399902
19100, 8611.000000
19200, 8789.099609
19300, 9016.599609
19400, 8444.200195
19500, 9092.599609
19600, 8652.700195
19700, 9031.599609
19800, 9226.900391
19900, 9222.900391
20000, 9242.599609
20100, 9210.299805
20200, 9319.900391
20300, 9674.099609
20400, 9495.299805
20500, 9660.400391
20600, 9573.099609
20700, 9682.799805
20800, 9620.799805
20900, 9683.299805
21000, 10010.799805
21100, 9972.700195
21200, 9637.400391
21300, 10050.900391
21400, 10107.900391
21500, 9869.599609
21600, 10115.599609
21700, 10184.900391
21800, 10090.099609
21900, 10318.599609
22000, 10199.500000
22100, 10367.599609
22200, 10602.200195
22300, 10479.599609
22400, 10696.400391
22500, 10635.000000
22600, 10490.000000
22700, 10715.099609
22800, 10582.299805
22900, 10817.299805
23000, 10879.500000
23100, 10918.500000
23200, 11070.000000
23300, 10898.400391
23400, 11216.500000
23500, 11229.799805
23600, 11253.799805
23700, 11323.799805
23800, 11249.000000
23900, 11347.500000
24000, 11455.799805
24100, 11397.700195
24200, 11545.599609
24300, 11594.099609
24400, 11612.200195
24500, 11675.799805
24600, 11636.200195
24700, 11810.200195
24800, 11851.599609
24900, 11876.000000
25000, 11918.799805
25100, 11831.500000
25200, 11805.000000
25300, 12062.599609
25400, 12082.200195
25500, 11948.799805
25600, 12187.099609
25700, 11934.099609
25800, 12083.299805
25900, 11989.500000
26000, 12059.299805
26100, 12012.299805
26200, 11920.900391
26300, 12512.200195
26400, 12261.900391
26500, 12545.400391
26600, 12653.200195
26700, 12615.099609
26800, 12679.099609
26900, 12822.599609
27000, 12688.200195
27100, 12586.900391
27200, 12894.000000
27300, 12933.599609
27400, 13114.299805
27500, 13008.099609
27600, 12824.299805
27700, 13080.900391
27800, 13207.799805
27900, 13219.000000
28000, 13373.500000
28100, 13399.000000
28200, 13440.099609
28300, 13382.400391
28400, 13415.799805
28500, 13607.400391
28600, 13681.799805
28700, 13716.599609
28800, 13620.500000
28900, 13807.799805
29000, 13829.200195
29100, 13893.700195
29200, 13944.000000
29300, 14004.599609
29400, 14063.900391
29500, 14061.000000
29600, 14116.200195
29700, 14125.599609
29800, 14223.400391
29900, 14280.900391
30000, 14315.299805
30100, 14236.099609
30200, 14274.400391
30300, 14224.599609
30400, 14515.500000
30500, 14585.700195
30600, 14618.700195
30700, 14644.700195
30800, 14710.200195
30900, 14735.200195
31000, 14789.400391
31100, 14871.099609
31200, 14940.099609
31300, 14999.099609
31400, 14869.700195
31500, 15056.299805
31600, 15079.299805
31700, 15104.299805
31800, 15108.799805
31900, 15250.099609
32000, 15259.700195
32100, 15352.500000
32200, 15398.799805
32300, 15427.000000
32400, 15501.599609
32500, 15511.900391
32600, 15456.200195
32700, 15636.599609
32800, 15671.799805
32900, 15708.400391
33000, 15786.799805
33100, 15836.000000
33200, 15896.400391
33300, 15946.400391
33400, 15959.599609
33500, 16004.500000
33600, 16063.599609
33700, 16088.700195
33800, 16167.500000
33900, 16242.500000
34000, 16238.700195
34100, 16283.000000
34200, 16347.099609
34300, 16420.300781
34400, 16446.000000
34500, 16523.699219
34600, 16573.699219
34700, 16589.500000
34800, 16623.099609
34900, 16507.900391
35000, 16734.300781
35100, 16759.500000
35200, 16828.199219
35300, 16883.500000
35400, 16917.400391
35500, 16965.800781
35600, 17013.099609
35700, 17066.599609
35800, 17103.500000
35900, 17160.699219
36000, 17232.099609
36100, 17238.500000
36200, 17274.599609
36300, 17383.800781
36400, 17397.699219
36500, 17356.000000
36600, 17475.900391
36700, 17566.800781
36800, 17621.099609
36900, 17651.300781
37000, 17656.599609
37100, 17770.500000
37200, 17778.800781
37300, 17854.900391
37400, 17852.599609
37500, 17919.400391
37600, 17975.199219
37700, 17983.099609
37800, 18050.300781
37900, 18110.500000
38000, 18164.599609
38100, 18255.500000
38200, 18286.099609
38300, 18340.199219
38400, 18274.699219
38500, 18378.599609
38600, 18436.800781
38700, 18458.400391
38800, 18541.599609
38900, 18565.699219
39000, 18634.000000
39100, 18644.900391
39200, 18730.699219
39300, 18793.400391
39400, 18779.300781
39500, 18847.699219
39600, 18957.500000
39700, 18946.099609
39800, 19018.400391
39900, 19051.300781
40000, 19096.900391
40100, 19150.800781
40200, 19220.800781
40300, 19180.500000
40400, 19263.000000
40500, 19277.800781
40600, 19386.400391
40700, 19403.900391
40800, 19499.599609
40900, 19537.300781
41000, 19601.000000
41100, 19589.500000
41200, 19648.800781
41300, 19677.699219
41400, 19814.500000
41500, 19822.900391
41600, 19855.500000
41700, 19902.099609
41800, 19991.300781
41900, 20033.599609
42000, 20082.900391
42100, 20114.400391
42200, 20144.800781
42300, 20197.599609
42400, 20091.500000
42500, 20270.699219
42600, 20320.900391
42700, 20358.599609
42800, 20385.800781
42900, 20441.699219
43000, 20522.699219
43100, 20554.099609
43200, 20604.300781
43300, 20667.000000
43400, 20657.300781
43500, 20782.400391
43600, 20773.800781
43700, 20858.099609
43800, 20870.099609
43900, 20942.599609
44000, 21016.900391
44100, 21025.199219
44200, 21032.400391
44300, 21122.099609
44400, 21158.000000
44500, 21213.900391
44600, 21228.300781
44700, 21305.000000
44800, 21344.000000
44900, 21372.599609
45000, 21485.800781
45100, 21480.699219
45200, 21598.000000
45300, 21607.599609
45400, 21674.900391
45500, 21729.000000
45600, 21737.199219
45700, 21759.599609
45800, 21840.000000
45900, 21918.599609
46000, 21958.699219
46100, 22020.099609
46200, 22059.800781
46300, 22082.800781
46400, 22146.800781
46500, 22179.199219
46600, 22228.599609
46700, 22256.099609
46800, 22335.099609
46900, 22372.400391
47000, 22199.900391
47100, 22052.900391
47200, 22508.699219
47300, 22537.500000
47400, 22636.800781
47500, 22453.699219
47600, 22684.599609
47700, 22594.599609
47800, 22834.300781
47900, 22801.099609
48000, 22897.099609
48100, 22954.699219
48200, 23000.300781
48300, 23026.500000
48400, 23104.099609
48500, 23139.599609
48600, 23186.400391
48700, 23269.400391
48800, 23293.900391
48900, 23308.699219
49000, 23358.900391
49100, 23419.500000
49200, 23485.800781
49300, 23547.900391
49400, 23558.500000
49500, 23557.699219
49600, 23677.800781
49700, 23744.500000
49800, 23730.000000
49900, 23791.800781
50000, 23828.500000
