3, 0.100000
5, 0.200000
7, 0.200000
9, 0.000000
11, 0.200000
13, 0.200000
15, 0.200000
17, 0.200000
19, 0.400000
21, 0.200000
23, 0.300000
25, 0.300000
27, 0.200000
29, 0.400000
31, 0.500000
33, 0.200000
35, 0.300000
37, 0.500000
39, 0.300000
41, 0.400000
43, 0.300000
45, 0.300000
47, 0.400000
49, 0.500000
51, 0.500000
53, 0.400000
55, 0.400000
57, 0.700000
59, 0.600000
61, 0.600000
63, 0.400000
65, 0.600000
67, 0.600000
69, 0.500000
71, 0.600000
73, 0.300000
75, 0.500000
77, 0.600000
79, 0.600000
81, 0.500000
83, 0.600000
85, 0.800000
87, 0.500000
89, 0.700000
91, 0.600000
93, 0.700000
95, 0.600000
97, 0.700000
99, 0.700000
101, 0.600000
103, 0.800000
105, 1.000000
107, 0.800000
109, 0.800000
111, 0.900000
113, 0.600000
115, 0.800000
117, 0.600000
119, 0.900000
121, 0.600000
123, 0.700000
125, 0.800000
127, 0.800000
129, 0.800000
131, 0.800000
133, 0.700000
135, 0.800000
137, 0.700000
139, 1.000000
141, 0.700000
143, 0.900000
145, 0.600000
147, 0.700000
149, 0.700000
151, 0.200000
153, 1.000000
155, 1.000000
157, 1.000000
159, 0.800000
161, 0.900000
163, 1.100000
165, 1.100000
167, 1.000000
169, 0.800000
171, 1.100000
173, 1.000000
175, 1.000000
177, 1.100000
179, 1.000000
181, 1.000000
183, 1.400000
185, 1.200000
187, 1.000000
189, 1.000000
191, 1.200000
193, 1.100000
195, 1.100000
197, 1.100000
199, 1.000000
201, 1.300000
203, 1.200000
205, 1.100000
207, 1.200000
209, 1.200000
211, 1.100000
213, 1.300000
215, 1.100000
217, 1.400000
219, 1.200000
221, 1.300000
223, 1.100000
225, 1.200000
227, 1.400000
229, 1.300000
231, 1.400000
233, 1.300000
235, 1.300000
237, 1.300000
239, 1.200000
241, 1.300000
243, 1.300000
245, 1.200000
247, 1.200000
249, 1.300000
251, 1.500000
253, 1.200000
255, 1.400000
257, 1.300000
259, 1.600000
261, 1.500000
263, 1.500000
265, 1.600000
267, 1.500000
269, 1.500000
271, 1.300000
273, 1.500000
275, 1.400000
277, 1.600000
279, 1.500000
281, 1.400000
283, 1.400000
285, 1.500000
287, 1.500000
289, 1.400000
291, 1.400000
293, 1.400000
295, 1.400000
297, 1.500000
299, 1.800000
301, 1.600000
303, 1.600000
305, 1.600000
307, 1.600000
309, 1.800000
311, 1.500000
313, 1.600000
315, 1.500000
317, 1.700000
319, 1.700000
321, 1.700000
323, 1.600000
325, 1.600000
327, 1.800000
329, 1.800000
331, 1.600000
333, 1.800000
335, 1.900000
337, 1.900000
339, 1.600000
341, 1.600000
343, 1.800000
345, 2.000000
347, 1.700000
349, 1.800000
351, 1.700000
353, 1.900000
355, 1.700000
357, 2.000000
359, 1.800000
361, 1.500000
363, 2.000000
365, 2.000000
367, 2.100000
369, 2.000000
371, 2.000000
373, 2.000000
375, 2.000000
377, 2.000000
379, 1.800000
381, 2.000000
383, 2.000000
385, 1.900000
387, 1.900000
389, 2.000000
391, 2.100000
393, 2.000000
395, 2.200000
397, 2.300000
399, 2.300000
401, 2.100000
403, 2.000000
405, 2.400000
407, 2.200000
409, 2.100000
411, 2.100000
413, 2.000000
415, 2.200000
417, 2.100000
419, 2.200000
421, 2.000000
423, 2.100000
425, 2.300000
427, 2.200000
429, 2.000000
431, 2.100000
433, 2.200000
435, 2.200000
437, 2.100000
439, 2.000000
441, 2.100000
443, 2.200000
445, 2.300000
447, 2.200000
449, 2.400000
451, 2.400000
453, 2.400000
455, 2.300000
457, 2.100000
459, 2.500000
461, 2.400000
463, 2.200000
465, 2.300000
467, 2.300000
469, 2.400000
471, 2.400000
473, 2.500000
475, 2.500000
477, 2.500000
479, 2.400000
481, 2.300000
483, 2.500000
485, 2.300000
487, 2.500000
489, 2.500000
491, 2.500000
493, 2.500000
495, 2.400000
497, 2.500000
499, 2.500000
501, 2.800000
503, 2.600000
505, 2.400000
507, 2.400000
509, 2.700000
511, 2.700000
513, 2.600000
515, 2.700000
517, 2.800000
519, 2.800000
521, 2.500000
523, 3.000000
525, 2.600000
527, 2.400000
529, 2.800000
531, 2.800000
533, 2.800000
535, 2.700000
537, 2.700000
539, 2.700000
541, 2.700000
543, 2.800000
545, 2.700000
547, 2.700000
549, 2.800000
551, 2.600000
553, 2.900000
555, 2.800000
557, 2.700000
559, 2.700000
561, 2.700000
563, 2.800000
565, 3.100000
567, 3.100000
569, 2.800000
571, 2.700000
573, 3.000000
575, 3.000000
577, 2.300000
579, 2.800000
581, 3.000000
583, 3.000000
585, 2.900000
587, 2.900000
589, 2.900000
591, 2.900000
593, 3.000000
595, 2.800000
597, 2.900000
599, 3.000000
601, 3.000000
603, 3.000000
605, 3.000000
607, 3.200000
609, 3.200000
611, 3.000000
613, 3.100000
615, 3.200000
617, 3.100000
619, 3.200000
621, 3.100000
623, 3.100000
625, 3.100000
627, 3.200000
629, 3.200000
631, 3.000000
633, 3.000000
635, 3.100000
637, 3.100000
639, 3.100000
641, 3.000000
643, 3.200000
645, 3.100000
647, 3.400000
649, 3.200000
651, 3.300000
653, 3.200000
655, 3.300000
657, 3.200000
659, 3.300000
661, 3.300000
663, 3.200000
665, 3.400000
667, 3.300000
669, 3.200000
671, 3.400000
673, 3.200000
675, 3.500000
677, 3.300000
679, 3.500000
681, 3.300000
683, 3.400000
685, 3.500000
687, 3.400000
689, 3.400000
691, 3.500000
693, 3.400000
695, 3.400000
697, 4.700000
699, 3.500000
701, 3.500000
703, 3.400000
705, 3.400000
707, 3.600000
709, 3.600000
711, 3.600000
713, 3.600000
715, 3.700000
717, 3.800000
719, 3.600000
721, 3.600000
723, 3.600000
725, 3.500000
727, 3.900000
729, 3.600000
731, 3.300000
733, 3.700000
735, 3.500000
737, 3.800000
739, 3.800000
741, 3.500000
743, 3.700000
745, 3.600000
747, 3.600000
749, 3.700000
751, 3.700000
753, 3.600000
755, 3.600000
757, 3.700000
759, 3.600000
761, 3.700000
763, 3.800000
765, 4.000000
767, 4.000000
769, 4.000000
771, 3.800000
773, 3.600000
775, 4.000000
777, 3.800000
779, 3.800000
781, 4.000000
783, 4.000000
785, 4.000000
787, 4.000000
789, 3.900000
791, 4.000000
793, 3.700000
795, 3.900000
797, 4.100000
799, 4.100000
801, 4.000000
803, 4.100000
805, 4.000000
807, 3.800000
809, 4.000000
811, 4.000000
813, 4.000000
815, 3.800000
817, 3.900000
819, 4.100000
821, 4.000000
823, 4.000000
825, 4.100000
827, 4.100000
829, 4.200000
831, 4.100000
833, 4.100000
835, 4.100000
837, 4.100000
839, 4.000000
841, 4.100000
843, 4.200000
845, 4.200000
847, 4.300000
849, 4.200000
851, 4.100000
853, 4.100000
855, 4.100000
857, 4.100000
859, 4.300000
861, 4.100000
863, 4.300000
865, 4.400000
867, 4.200000
869, 4.500000
871, 4.400000
873, 4.300000
875, 4.200000
877, 4.400000
879, 4.300000
881, 4.400000
883, 4.300000
885, 4.400000
887, 4.300000
889, 4.300000
891, 4.200000
893, 4.400000
895, 4.500000
897, 4.600000
899, 4.900000
901, 4.600000
903, 4.900000
905, 4.900000
907, 4.800000
909, 4.900000
911, 4.900000
913, 4.900000
915, 4.500000
917, 4.700000
919, 4.500000
921, 5.000000
923, 4.700000
925, 4.700000
927, 4.700000
929, 4.700000
931, 4.600000
933, 4.600000
935, 4.500000
937, 4.500000
939, 4.800000
941, 5.000000
943, 4.900000
945, 4.800000
947, 4.600000
949, 4.700000
951, 4.300000
953, 4.900000
955, 5.000000
957, 4.700000
959, 4.700000
961, 4.900000
963, 4.800000
965, 5.100000
967, 5.100000
969, 5.200000
971, 4.600000
973, 4.800000
975, 4.700000
977, 4.800000
979, 4.800000
981, 4.800000
983, 4.700000
985, 4.800000
987, 4.800000
989, 5.000000
991, 5.000000
993, 5.200000
995, 5.100000
997, 5.200000
999, 5.000000
1001, 4.600000
1003, 4.800000
1005, 5.100000
1007, 5.000000
1009, 5.000000
1011, 4.900000
1013, 5.500000
1015, 5.100000
1017, 4.900000
1019, 5.100000
1021, 4.900000
1023, 5.000000
1025, 5.200000
1027, 5.200000
1029, 5.300000
1031, 5.200000
1033, 5.100000
1035, 5.300000
1037, 5.400000
1039, 5.300000
1041, 5.300000
1043, 5.200000
1045, 5.200000
1047, 5.100000
1049, 5.100000
1051, 5.100000
1053, 5.100000
1055, 5.200000
1057, 5.200000
1059, 5.100000
1061, 5.200000
1063, 5.300000
1065, 5.500000
1067, 5.100000
1069, 5.200000
1071, 5.400000
1073, 5.500000
1075, 5.100000
1077, 5.100000
1079, 5.500000
1081, 5.500000
1083, 5.500000
1085, 5.200000
1087, 8.300000
1089, 5.900000
1091, 5.700000
1093, 5.800000
1095, 5.600000
1097, 5.900000
1099, 5.600000
1101, 5.300000
1103, 5.200000
1105, 5.500000
1107, 5.700000
1109, 5.900000
1111, 6.100000
1113, 5.600000
1115, 5.800000
1117, 5.700000
1119, 5.300000
1121, 5.500000
1123, 5.300000
1125, 5.700000
1127, 5.900000
1129, 5.700000
1131, 5.800000
1133, 5.700000
1135, 5.500000
1137, 5.500000
1139, 5.700000
1141, 5.600000
1143, 5.600000
1145, 6.100000
1147, 5.600000
1149, 5.600000
1151, 5.800000
1153, 5.900000
1155, 5.600000
1157, 5.400000
1159, 5.800000
1161, 5.600000
1163, 5.600000
1165, 5.700000
1167, 5.400000
1169, 6.000000
1171, 5.600000
1173, 6.000000
1175, 6.200000
1177, 6.000000
1179, 6.100000
1181, 5.600000
1183, 5.600000
1185, 6.000000
1187, 6.100000
1189, 6.200000
1191, 6.200000
1193, 5.500000
1195, 5.700000
1197, 5.700000
1199, 5.800000
1201, 6.000000
1203, 5.800000
1205, 6.000000
1207, 5.900000
1209, 6.000000
1211, 6.000000
1213, 6.000000
1215, 5.900000
1217, 5.800000
1219, 5.800000
1221, 5.400000
1223, 6.000000
1225, 6.100000
1227, 6.000000
1229, 5.800000
1231, 6.100000
1233, 6.000000
1235, 6.400000
1237, 6.100000
1239, 6.200000
1241, 6.000000
1243, 6.400000
1245, 6.500000
1247, 6.300000
1249, 6.200000
1251, 6.100000
1253, 6.300000
1255, 7.400000
1257, 7.600000
1259, 7.300000
1261, 7.800000
1263, 7.500000
1265, 7.400000
1267, 7.400000
1269, 7.300000
1271, 7.300000
1273, 7.600000
1275, 8.000000
1277, 7.600000
1279, 7.900000
1281, 10.700000
1283, 7.900000
1285, 7.400000
1287, 7.600000
1289, 7.400000
1291, 7.600000
1293, 7.300000
1295, 7.600000
1297, 7.600000
1299, 7.000000
1301, 7.500000
1303, 7.500000
1305, 7.500000
1307, 8.600000
1309, 8.600000
1311, 7.700000
1313, 7.500000
1315, 7.700000
1317, 9.100000
1319, 7.700000
1321, 7.800000
1323, 8.900000
1325, 8.400000
1327, 8.600000
1329, 8.300000
1331, 8.100000
1333, 7.600000
1335, 7.700000
1337, 7.700000
1339, 7.700000
1341, 7.700000
1343, 8.400000
1345, 7.600000
1347, 7.700000
1349, 8.000000
1351, 7.600000
1353, 7.800000
1355, 8.100000
1357, 8.000000
1359, 8.000000
1361, 8.000000
1363, 7.900000
1365, 8.000000
1367, 7.800000
1369, 7.400000
1371, 8.200000
1373, 8.000000
1375, 8.000000
1377, 7.600000
1379, 8.100000
1381, 7.900000
1383, 8.000000
1385, 9.400000
1387, 12.100000
1389, 9.300000
1391, 11.400000
1393, 12.300000
1395, 8.900000
1397, 9.100000
1399, 8.700000
1401, 8.700000
1403, 9.500000
1405, 9.000000
1407, 10.800000
1409, 9.100000
1411, 8.200000
1413, 8.300000
1415, 8.200000
1417, 8.600000
1419, 10.000000
1421, 9.800000
1423, 8.300000
1425, 8.500000
1427, 8.700000
1429, 9.200000
1431, 9.500000
1433, 8.000000
1435, 8.200000
1437, 8.700000
1439, 8.600000
1441, 9.800000
1443, 9.000000
1445, 8.500000
1447, 8.700000
1449, 8.500000
1451, 8.400000
1453, 8.400000
1455, 8.100000
1457, 8.100000
1459, 8.400000
1461, 8.500000
1463, 9.000000
1465, 9.000000
1467, 9.200000
1469, 9.800000
1471, 8.400000
1473, 10.200000
1475, 12.300000
1477, 10.100000
1479, 8.200000
1481, 8.900000
1483, 10.300000
1485, 8.500000
1487, 8.600000
1489, 8.400000
1491, 8.500000
1493, 8.800000
1495, 8.400000
1497, 8.700000
1499, 8.600000
1501, 8.800000
1503, 8.700000
1505, 8.500000
1507, 8.800000
1509, 10.100000
1511, 8.900000
1513, 8.400000
1515, 8.400000
1517, 8.600000
1519, 8.600000
1521, 8.700000
1523, 8.700000
1525, 8.900000
1527, 8.700000
1529, 8.900000
1531, 8.600000
1533, 9.000000
1535, 8.800000
1537, 9.300000
1539, 9.300000
1541, 8.600000
1543, 8.900000
1545, 9.000000
1547, 8.700000
1549, 9.700000
1551, 8.800000
1553, 8.900000
1555, 9.100000
1557, 9.600000
1559, 8.800000
1561, 8.900000
1563, 8.800000
1565, 9.100000
1567, 9.200000
1569, 9.700000
1571, 9.300000
1573, 9.000000
1575, 9.400000
1577, 9.400000
1579, 9.100000
1581, 9.100000
1583, 9.100000
1585, 9.700000
1587, 9.900000
1589, 9.200000
1591, 9.100000
1593, 9.000000
1595, 9.200000
1597, 10.300000
1599, 9.900000
1601, 9.200000
1603, 9.400000
1605, 9.100000
1607, 9.300000
1609, 9.300000
1611, 9.500000
1613, 9.200000
1615, 9.200000
1617, 9.700000
1619, 9.600000
1621, 9.500000
1623, 9.500000
1625, 9.500000
1627, 9.500000
1629, 10.000000
1631, 9.500000
1633, 9.600000
1635, 9.500000
1637, 9.800000
1639, 10.400000
1641, 10.400000
1643, 10.400000
1645, 9.600000
1647, 10.600000
1649, 9.900000
1651, 9.700000
1653, 9.800000
1655, 9.800000
1657, 10.300000
1659, 13.700000
1661, 9.900000
1663, 10.000000
1665, 9.300000
1667, 9.900000
1669, 10.500000
1671, 12.800000
1673, 11.800000
1675, 11.300000
1677, 10.100000
1679, 10.100000
1681, 10.100000
1683, 10.300000
1685, 9.600000
1687, 9.800000
1689, 9.600000
1691, 10.000000
1693, 11.100000
1695, 10.300000
1697, 11.700000
1699, 10.900000
1701, 10.100000
1703, 9.600000
1705, 9.300000
1707, 10.100000
1709, 10.000000
1711, 10.400000
1713, 9.700000
1715, 10.000000
1717, 11.000000
1719, 9.900000
1721, 9.800000
1723, 10.700000
1725, 11.200000
1727, 10.000000
1729, 10.200000
1731, 10.200000
1733, 9.900000
1735, 10.200000
1737, 9.700000
1739, 9.500000
1741, 9.400000
1743, 10.200000
1745, 10.200000
1747, 9.100000
1749, 9.000000
1751, 9.000000
1753, 9.900000
1755, 11.400000
1757, 10.100000
1759, 10.000000
1761, 10.100000
1763, 9.900000
1765, 9.900000
1767, 10.100000
1769, 12.900000
1771, 13.100000
1773, 10.000000
1775, 13.300000
1777, 11.000000
1779, 10.100000
1781, 10.300000
1783, 10.900000
1785, 10.100000
1787, 10.100000
1789, 10.100000
1791, 10.200000
1793, 10.300000
1795, 10.000000
1797, 10.000000
1799, 10.300000
1801, 10.300000
1803, 10.300000
1805, 10.000000
1807, 10.000000
1809, 10.100000
1811, 10.000000
1813, 10.300000
1815, 10.700000
1817, 10.200000
1819, 10.400000
1821, 10.300000
1823, 11.800000
1825, 12.700000
1827, 10.500000
1829, 14.100000
1831, 13.600000
1833, 10.300000
1835, 10.800000
1837, 11.200000
1839, 10.400000
1841, 10.200000
1843, 10.300000
1845, 11.200000
1847, 11.300000
1849, 10.500000
1851, 10.400000
1853, 10.400000
1855, 10.700000
1857, 10.600000
1859, 10.500000
1861, 10.500000
1863, 10.700000
1865, 12.900000
1867, 10.700000
1869, 11.100000
1871, 10.700000
1873, 10.700000
1875, 10.900000
1877, 10.900000
1879, 10.600000
1881, 10.700000
1883, 10.900000
1885, 12.800000
1887, 10.700000
1889, 10.800000
1891, 10.700000
1893, 10.800000
1895, 10.700000
1897, 11.000000
1899, 10.900000
1901, 11.000000
1903, 10.800000
1905, 11.000000
1907, 11.000000
1909, 11.000000
1911, 11.000000
1913, 10.700000
1915, 11.000000
1917, 10.900000
1919, 11.500000
1921, 12.000000
1923, 10.900000
1925, 11.100000
1927, 11.600000
1929, 11.100000
1931, 11.100000
1933, 11.000000
1935, 11.000000
1937, 12.600000
1939, 15.500000
1941, 14.700000
1943, 11.300000
1945, 11.100000
1947, 11.400000
1949, 11.200000
1951, 11.100000
1953, 11.900000
1955, 11.200000
1957, 11.300000
1959, 11.300000
1961, 11.600000
1963, 11.300000
1965, 11.300000
1967, 11.500000
1969, 11.400000
1971, 11.500000
1973, 11.400000
1975, 11.400000
1977, 11.600000
1979, 11.600000
1981, 12.300000
1983, 11.800000
1985, 12.000000
1987, 12.400000
1989, 11.500000
1991, 11.700000
1993, 11.800000
1995, 12.900000
1997, 13.100000
1999, 13.500000
2001, 12.300000
2003, 12.000000
